80000,15.280215231788059,0.15
160000,15.16299668874171,0.05
240000,15.636589403973502,0.175
320000,16.71502483443708,0.35
400000,16.650662251655625,0.3
480000,17.362541390728474,0.5
560000,17.81912251655629,0.575
640000,19.11026490066225,0.825
720000,18.17069536423841,0.625
800000,18.527400662251654,0.675
880000,18.9676738410596,0.775
960000,18.633112582781457,0.75
1040000,19.29656456953642,0.85
1120000,18.776158940397345,0.725
1200000,19.459064569536423,0.9
1280000,19.511465231788076,0.9
1360000,19.396274834437087,0.875
1440000,19.194701986754968,0.85
1520000,18.760347682119203,0.75
1600000,18.685720198675494,0.775
1680000,19.01634933774834,0.8
1760000,18.911961920529798,0.75
1840000,19.32980132450331,0.85
1920000,19.851986754966887,0.975
2000000,19.915149006622517,0.975
2080000,19.15252483443708,0.825
2160000,19.55380794701987,0.9
2240000,19.514486754966885,0.9
2320000,19.601490066225164,0.9
2400000,19.337086092715232,0.85
2480000,19.634023178807944,0.925
2560000,19.626324503311256,0.9
2640000,19.487582781456954,0.9
2720000,19.616473509933776,0.925
2800000,19.66378311258278,0.925
2880000,19.804635761589402,0.95
2960000,19.688658940397353,0.925
3040000,19.62798013245033,0.9
3120000,19.136092715231786,0.8
3200000,19.62123344370861,0.925
3280000,19.74908940397351,0.925
3360000,19.45517686964949,0.8780487804878049
3440000,19.738327814569534,0.925
3520000,19.529346026490067,0.9
3600000,19.22375827814569,0.85
3680000,19.48629966887417,0.9
3760000,19.73915562913907,0.95
3840000,19.735927152317878,0.95
3920000,19.616018211920526,0.925
4000000,19.73294701986755,0.95
4080000,19.81829470198675,0.95
4160000,19.896026490066223,0.975
4240000,19.610885761589405,0.925
4320000,19.902359271523174,0.975
4400000,19.751779801324503,0.95
4480000,19.760347682119203,0.95
4560000,19.632036423841058,0.95
4640000,19.87541390728477,0.975
4720000,19.6551738410596,0.9
4800000,19.65819536423841,0.925
4880000,19.687293046357617,0.95
4960000,20.011092715231786,1.0
5040000,20.008609271523177,1.0
5120000,19.943791390728475,0.975
5200000,19.050113067355838,0.8048780487804879
5280000,19.94474337748344,0.975
5360000,19.27094370860927,0.825
5440000,19.739693708609273,0.95
5520000,19.770364238410597,0.95
5600000,19.810347682119204,0.95
5680000,19.60364238410596,0.925
5760000,19.715811258278144,0.925
5840000,20.013907284768212,1.0
5920000,19.774172185430462,0.95
6000000,19.92955298013245,0.975
6080000,19.629179454046195,0.9024390243902439
6160000,19.719205298013243,0.925
6240000,20.00894039735099,1.0
6320000,19.48600993377483,0.925
6400000,20.00529801324503,1.0
6480000,19.781788079470196,0.95
6560000,19.907201986754966,0.975
6640000,19.271937086092713,0.85
6720000,19.860968543046358,0.975
6800000,19.5710678807947,0.9
6880000,19.675413907284767,0.925
6960000,19.74697847682119,0.95
7040000,19.63228476821192,0.925
7120000,19.77264072847682,0.95
7200000,19.65583609271523,0.925
7280000,19.33326603133581,0.8292682926829268
7360000,19.51009933774834,0.875
7440000,19.72404801324503,0.95
7520000,19.29085264900662,0.875
7600000,20.00579470198675,1.0
7680000,19.532450331125826,0.9
7760000,19.617632450331126,0.9
7840000,19.90612582781457,0.975
7920000,19.33952814569536,0.9
8000000,19.702442052980132,0.925
8080000,19.562127483443707,0.875
8160000,19.828973509933775,0.95
8240000,19.632657284768207,0.9
8320000,19.717011589403974,0.95
8400000,19.711837748344372,0.95
8480000,19.652276490066225,0.925
8560000,20.00662251655629,1.0
8640000,19.678973509933776,0.925
8720000,19.938079470198677,0.975
8800000,19.69172185430464,0.925
8880000,19.58592715231788,0.9
8960000,19.462086092715232,0.9
9040000,19.723634105960265,0.925
9120000,19.38091887417218,0.875
9200000,19.44697847682119,0.875
9280000,19.871771523178808,0.975
9360000,19.779304635761587,0.95
9440000,19.843708609271523,0.975
9520000,19.759188741721854,0.95
9600000,19.84635761589404,0.95
9680000,19.7046357615894,0.925
9760000,19.217756622516553,0.8
9840000,19.63460264900662,0.925
9920000,19.8648178807947,0.975
10000000,19.816349337748342,0.95
10080000,19.771026490066227,0.95
10160000,19.385099337748343,0.875
10240000,20.00066225165563,1.0
10320000,19.837551245663825,0.9523809523809523
10400000,19.57549668874172,0.925
10480000,19.91005794701987,0.975
10560000,19.612003311258277,0.925
10640000,19.75380794701987,0.95
10720000,19.91456953642384,0.975
10800000,19.7364238410596,0.925
10880000,20.002649006622516,1.0
10960000,19.877317880794703,0.975
11040000,19.832822847682117,0.95
11120000,19.870447019867548,0.975
11200000,19.459478476821193,0.9
11280000,20.013245033112582,1.0
11360000,19.566846026490065,0.9
11440000,20.003311258278146,1.0
11520000,19.53559602649006,0.9
11600000,19.867011589403972,0.95
11680000,19.67524834437086,0.925
11760000,19.885761589403973,0.975
11840000,19.44710264900662,0.875
11920000,19.477607615894037,0.875
12000000,19.600082781456955,0.925
12080000,19.626365894039736,0.925
12160000,19.685554635761587,0.925
12240000,19.834437086092713,0.975
12320000,19.85927152317881,0.975
12400000,19.8067880794702,0.975
12480000,19.821937086092714,0.95
12560000,19.687044701986753,0.925
12640000,19.930100145372315,0.975609756097561
12720000,19.6739238410596,0.925
12800000,19.866100993377483,0.975
12880000,19.831539735099337,0.95
12960000,19.912831125827815,0.975
13040000,19.689983443708606,0.925
13120000,19.902649006622518,0.975
13200000,19.899337748344372,0.975
13280000,20.00132450331126,1.0
13360000,19.677442052980133,0.925
13440000,20.000662251655626,1.0
13520000,19.67748344370861,0.925
13600000,19.743832781456952,0.95
13680000,19.524048013245032,0.875
13760000,19.94565397350993,0.975
13840000,19.68170529801324,0.925
13920000,19.87185430463576,0.975
14000000,20.00132450331126,1.0
14080000,20.0,1.0
14160000,19.662168874172185,0.925
14240000,19.40140728476821,0.85
14320000,19.63985927152318,0.925
14400000,19.844039735099336,0.975
14480000,19.725455298013244,0.95
14560000,19.860182119205298,0.975
14640000,19.75157284768212,0.95
14720000,19.729346026490067,0.925
14800000,19.722764900662252,0.925
14880000,19.60190397350993,0.925
14960000,20.007201986754968,1.0
15040000,20.00662251655629,1.0
15120000,19.417798013245033,0.85
15200000,19.551862582781457,0.9
15280000,20.003311258278146,1.0
15360000,19.643377483443707,0.925
15440000,19.78704470198675,0.95
15520000,19.637293046357616,0.9
15600000,19.759850993377484,0.925
15680000,19.781043046357617,0.95
15760000,19.48865894039735,0.9
15840000,19.72280629139073,0.925
15920000,19.798178807947018,0.95
16000000,19.649130794701986,0.925
16080000,19.80480132450331,0.95
16160000,19.77872516556291,0.95
16240000,19.895736754966883,0.975
16320000,19.840935430463578,0.975
16400000,20.00132450331126,1.0
16480000,19.680422185430466,0.925
16560000,19.901448675496688,0.975
16640000,19.578187086092715,0.9
16720000,19.37408940397351,0.875
16800000,19.868211920529802,0.975
16880000,19.914072847682117,0.975
16960000,19.64466059602649,0.925
17040000,19.69594370860927,0.925
17120000,19.720736754966886,0.95
17200000,19.859809602649005,0.975
17280000,19.43046357615894,0.875
17360000,19.538203642384104,0.925
17440000,19.907450331125826,0.975
17520000,19.92086092715232,0.975
17600000,19.76858443708609,0.95
17680000,19.75351821192053,0.925
17760000,19.401862582781455,0.9
17840000,19.41717715231788,0.875
17920000,19.64308774834437,0.925
18000000,19.507740066225164,0.875
18080000,19.792384105960263,0.95
18160000,19.705091059602648,0.95
18240000,19.878352649006622,0.975
18320000,20.001986754966886,1.0
18400000,19.761465231788076,0.95
18480000,19.96220319819092,0.975609756097561
18560000,20.00132450331126,1.0
18640000,19.671854304635765,0.925
18720000,20.000827814569536,1.0
18800000,19.749503311258277,0.95
18880000,19.910596026490065,0.975
18960000,19.702980132450328,0.95
19040000,19.917384105960263,0.975
19120000,19.754925496688738,0.925
19200000,19.772847682119206,0.95
19280000,19.771937086092713,0.95
19360000,20.009933774834437,1.0
19440000,19.80364238410596,0.95
19520000,19.76419701986755,0.95
19600000,20.012417218543042,1.0
19680000,19.648716887417216,0.925
19760000,19.562251655629137,0.9
19840000,19.918584437086093,0.975
19920000,19.618625827814565,0.9
20000000,19.558774834437084,0.925
