80000,8.367103293413171,0.0
160000,8.845546407185628,0.0
240000,9.682999853950635,0.0
320000,10.5188622754491,0.0
400000,10.626085329341317,0.0
480000,11.058008982035929,0.0
560000,11.130276946107784,0.0
640000,11.362013473053892,0.0
720000,11.656062874251495,0.0
800000,11.381212574850299,0.0
880000,12.041579341317366,0.0
960000,11.806212574850298,0.0
1040000,11.996032934131735,0.0
1120000,11.640980538922154,0.0
1200000,11.879528443113772,0.0
1280000,12.398278443113773,0.0
1360000,12.265157185628741,0.025
1440000,12.137649700598804,0.0
1520000,12.55688622754491,0.0
1600000,12.144273952095807,0.0
1680000,12.30688622754491,0.0
1760000,12.264670658682634,0.0
1840000,12.215306886227545,0.0
1920000,12.330875748502994,0.0
2000000,12.445209580838323,0.0
2080000,12.683196107784429,0.0
2160000,12.563823572367458,0.0
2240000,12.729229041916167,0.0
2320000,12.607784431137723,0.0
2400000,12.417589820359279,0.0
2480000,12.289483532934131,0.0
2560000,12.956848802395205,0.0
2640000,12.665531437125747,0.0
2720000,12.892739520958083,0.0
2800000,12.81448353293413,0.0
2880000,12.758233532934131,0.0
2960000,12.531100299401196,0.0
3040000,13.005389221556886,0.0
3120000,12.579004491017963,0.0
3200000,12.751825617058566,0.0
3280000,12.683912662479917,0.0
3360000,12.656624251497004,0.0
3440000,13.031886227544911,0.025
3520000,12.754453592814368,0.0
3600000,13.00261976047904,0.0
3680000,13.209019461077844,0.0
3760000,13.521182634730536,0.05
3840000,13.031811377245509,0.0
3920000,13.612384986125306,0.024390243902439025
4000000,13.64962574850299,0.0
4080000,12.917627245508982,0.0
4160000,12.972043413173651,0.025
4240000,12.735431575872642,0.0
4320000,12.776235029940118,0.0
4400000,12.927881736526945,0.0
4480000,13.297829341317362,0.0
4560000,12.759019461077843,0.0
4640000,13.130052395209574,0.0
4720000,13.048652694610775,0.0
4800000,13.07077095808383,0.0
4880000,12.963211077844306,0.0
4960000,12.992964071856287,0.0
5040000,13.496220059880235,0.0
5120000,13.243937125748499,0.0
5200000,13.035703592814368,0.0
5280000,13.016616766467063,0.0
5360000,13.287574850299398,0.0
5440000,13.548465568862273,0.0
5520000,13.030651197604788,0.0
5600000,13.515381736526942,0.0
5680000,13.12952844311377,0.0
5760000,13.193787425149697,0.0
5840000,13.045019716664228,0.0
5920000,12.818787425149697,0.0
6000000,13.147791916167659,0.0
6080000,13.163473053892213,0.025
6160000,13.176122754491015,0.0
6240000,13.526085329341313,0.0
6320000,13.28529191616766,0.0
6400000,13.078443113772455,0.0
6480000,13.250224550898201,0.0
6560000,13.252357784431137,0.0
6640000,13.377881736526941,0.0
6720000,13.627026434935004,0.0
6800000,13.165681137724548,0.0
6880000,13.654940119760477,0.025
6960000,13.225636227544907,0.025
7040000,13.181212574850298,0.0
7120000,13.137013473053889,0.0
7200000,13.84690375346867,0.024390243902439025
7280000,13.223203592814368,0.0
7360000,13.252395209580836,0.0
7440000,13.240718562874253,0.0
7520000,13.603934987168518,0.0
7600000,13.873192639112018,0.0
7680000,13.287350299401197,0.0
7760000,13.088697604790417,0.0
7840000,13.889670658682633,0.025
7920000,14.25711077844311,0.05
8000000,13.494835329341313,0.0
8080000,13.38697604790419,0.0
8160000,13.696180809113478,0.0
8240000,13.92757342457941,0.0
8320000,13.717926646706584,0.025
8400000,14.032148203592815,0.05
8480000,13.752844311377245,0.05
8560000,14.193338323353288,0.025
8640000,14.035179640718559,0.0
8720000,13.873502994011975,0.025
8800000,14.062200598802395,0.025
8880000,14.037312874251494,0.025
8960000,13.81553965240251,0.024390243902439025
9040000,13.919348802395206,0.05
9120000,13.883645209580838,0.025
9200000,14.360671514114623,0.0
9280000,13.510890718562873,0.0
9360000,13.523764970059881,0.025
9440000,13.87877994011976,0.05
9520000,14.39142964071856,0.05
9600000,14.047193113772455,0.025
9680000,13.46620508982036,0.025
9760000,13.786002994011975,0.025
9840000,14.19135479041916,0.05
9920000,14.57077095808383,0.15
10000000,14.441092814371254,0.025
10080000,13.953705089820357,0.025
10160000,14.423577844311376,0.075
10240000,14.698390718562871,0.05
10320000,14.025299401197605,0.025
10400000,14.794498502994008,0.075
10480000,14.788697604790418,0.1
10560000,14.520172155688618,0.075
10640000,14.427881736526945,0.075
10720000,14.892776946107778,0.075
10800000,15.464692566087335,0.17073170731707318
10880000,13.827320359281435,0.05
10960000,14.226309880239517,0.075
11040000,13.657447604790416,0.05
11120000,14.313884730538922,0.05
11200000,14.206212574850298,0.05
11280000,14.845284431137724,0.075
11360000,14.826684131736524,0.1
11440000,14.868113772455086,0.05
11520000,14.615943113772454,0.1
11600000,14.621032934131733,0.075
11680000,14.7438622754491,0.025
11760000,15.360067365269462,0.2
11840000,14.289820359281435,0.125
11920000,15.27713323353293,0.175
12000000,14.749176646706587,0.05
12080000,15.524214071856287,0.225
12160000,15.094011976047904,0.15
12240000,14.995247005988023,0.15
12320000,15.70392964071856,0.225
12400000,14.996239228859354,0.14634146341463414
12480000,15.758121257485026,0.15
12560000,16.031474550898203,0.3
12640000,15.062238023952096,0.15
12720000,15.538997005988023,0.175
12800000,16.02881736526946,0.225
12880000,15.641092814371254,0.175
12960000,15.64124251497006,0.3
13040000,15.19895209580838,0.15
13120000,14.461676646706582,0.05
13200000,15.520396706586826,0.2
13280000,15.115344311377243,0.125
13360000,15.929079341317362,0.275
13440000,14.902619760479041,0.05
13520000,15.41201347305389,0.175
13600000,15.724363772455087,0.175
13680000,15.618712574850296,0.2
13760000,16.23592814371257,0.25
13840000,15.906773952095804,0.175
13920000,15.654827844311374,0.15
14000000,16.468712574850294,0.275
14080000,15.836714071856283,0.275
14160000,15.598502994011971,0.1
14240000,16.265494011976042,0.3
14320000,17.504940119760473,0.5
14400000,16.287013473053886,0.275
14480000,16.30052395209581,0.25
14560000,16.60838323353293,0.4
14640000,17.21785179640718,0.4
14720000,17.183158682634726,0.4
14800000,16.864633233532928,0.35
14880000,16.022941616766463,0.275
14960000,16.52279191616766,0.325
15040000,15.953555389221554,0.225
15120000,16.338547904191614,0.275
15200000,15.454303892215563,0.125
15280000,15.547717065868259,0.15
15360000,16.57200598802395,0.4
15440000,16.326721556886223,0.3
15520000,15.858196107784428,0.2
15600000,15.366317365269458,0.15
15680000,16.784393712574847,0.375
15760000,16.376122754491018,0.35
15840000,16.137574850299398,0.375
15920000,16.313285928143706,0.25
16000000,17.466579341317363,0.475
16080000,16.919423652694608,0.375
16160000,16.532410179640713,0.35
16240000,17.75834580838323,0.475
16320000,16.391017964071857,0.325
16400000,16.28880988023952,0.35
16480000,16.237986526946106,0.275
16560000,17.87956586826347,0.55
16640000,16.502245508982032,0.375
16720000,16.755613772455085,0.375
16800000,17.263697604790416,0.425
16880000,16.604116766467065,0.3
16960000,17.106961077844307,0.425
17040000,17.675561377245504,0.45
17120000,15.644199101796406,0.225
17200000,16.19580838323353,0.25
17280000,16.566055389221553,0.275
17360000,16.42470059880239,0.275
17440000,16.14659431137724,0.225
17520000,16.310067365269454,0.25
17600000,17.018338323353287,0.35
17680000,17.58020209580838,0.525
17760000,17.54449850299401,0.475
17840000,17.791579341317366,0.55
17920000,17.068787425149697,0.425
18000000,16.94723053892215,0.325
18080000,17.83570359281437,0.55
18160000,16.421856287425147,0.375
18240000,17.60351796407185,0.5
18320000,17.587874251497006,0.525
18400000,16.48394461077844,0.35
18480000,16.811264970059874,0.4
18560000,17.215456586826342,0.475
18640000,16.936339820359276,0.325
18720000,17.458420658682634,0.5
18800000,16.324565155403473,0.30952380952380953
18880000,16.56316635022637,0.36585365853658536
18960000,16.81392215568862,0.375
19040000,17.180464071856285,0.4
19120000,17.32642215568862,0.475
19200000,17.185853293413167,0.4
19280000,17.230613772455087,0.45
19360000,17.285741017964064,0.45
19440000,16.8251871257485,0.325
19520000,17.422717065868262,0.425
19600000,17.22586077844311,0.45
19680000,17.28038922155688,0.475
19760000,16.759310646998685,0.36585365853658536
19840000,15.092776946107781,0.175
19920000,17.092664670658678,0.45
20000000,17.210142215568858,0.375
